8619
8716
1211
4741
1510
100000
7678
2315
3206
1180
3145
628
8537
9260
4642
3380
6912
8738
4168
5319
7590
5843
8942
7303
4078
6674
1644
8590
2028
6996
9362
9000
1079
5268
7134
876
8397
4424
4160
8829
9288
7524
3036
2908
8783
6461
1792
5345
6816
9472
1847
9882
6413
2340
5501
450
8596
8862
6084
6517
6819
9939
1158
339
9084
1955
9580
9428
7173
388
1118
7771
4995
3805
8364
366
5641
1860
7485
2277
6203
7082
773
4016
600
1749
7548
622
4968
3934
3133
9435
2034
2045
7388
1369
1184
6849
2524
7731
2327
2468
4432
6302
5346
5935
656
1073
1390
5114
9247
2551
283
9670
9290
1954
9489
6399
755
7298
5714
8684
5071
390
2879
9272
8988
866
942
854
3144
4146
1433
3985
9566
6221
1434
4354
2946
8590
2470
4021
9727
8111
4808
6478
1710
8951
2736
6136
378
1830
4971
2734
5682
1758
9796
5102
318
7781
6299
474
2886
5288
69
241
1567
1201
6597
7870
2536
3036
2250
9439
9460
3847
3304
1273
1080
5752
764
6185
5096
2979
1882
4078
7485
8636
1848
1158
2554
2938
4673
5046
1935
1565
5203
221
1677
2322
8554
891
4395
20
3793
4831
8568
2053
5381
3422
4722
6893
5389
9291
4870
4145
6135
771
4505
9912
564
9351
295
1802
2327
6736
6442
7179
6266
4894
5182
839
7265
2353
8834
1709
4323
6716
5057
6897
3959
3431
3154
701
5355
4644
8620
1672
6266
932
9502
5497
7167
2507
4959
13
6069
6081
4065
6280
4082
1674
795
4344
1539
5097
6599
5760
3529
2528
2056
7188
9732
6331
1169
992
9103
7886
9314
5470
1356
1051
3972
6328
4273
9897
8616
7850
6020
8145
9498
7884
9171
4427
6812
8911
727
2025
7168
3621
5258
6146
2277
1910
9478
2754
2295
911
6464
3871
576
1166
8261
3215
915
4364
4195
2777
155
7466
2843
6361
2335
960
8981
9000
3880
6945
1958
3339
1526
531
4750
6202
4624
7454
516
6164
8795
3554
5270
6673
5613
6254
7147
6808
9299
5358
3404
7155
4655
1189
514
9759
7510
1035
7889
7688
3305
1033
3974
3141
7697
9987
5245
2240
9281
9316
711
8393
4439
1344
9209
9579
8291
8406
7032
4046
2363
7782
3604
4415
4014
8754
6322
7437
391
4662
9967
2005
1509
8396
4993
65
8601
972
1376
1324
7087
3170
6773
8569
8961
4962
4434
2324
4824
4400
1939
1049
9316
9435
5123
3461
2478
9001
5330
1322
5084
6649
3445
2678
8965
901
7614
1109
2501
4567
1934
4198
6771
2093
7657
4188
9138
6112
4024
3862
3781
1185
6436
2930
3638
3605
754
9645
7720
3715
8682
8941
2731
5595
3485
6883
5105
586
9446
6107
2559
1803
944
5286
3877
1040
3928
2810
2178
4753
756
2360
1618
3123
6708
8703
2009
141
4680
4767
1460
9320
835
3424
7678
5589
4942
1012
3408
1363
1408
4954
4509
3041
1052
6532
141
2369
1164
4828
9560
7405
6029
2434
7142
9214
3946
7449
916
4379
6318
2611
1610
1343
4020
5194
5771
46
9601
3441
780
1785
500
3146
7288
6896
7373
793
8579
8616
8252
9000
4270
6077
2011
7916
4283
7562
2655
1080
1745
5446
6474
641
2898
3793
3781
275
4363
5103
3405
3458
8171
3348
8731
4547
8568
7473
1944
2907
5630
1422
2928
1383
8026
9337
1190
4622
2087
4750
7881
7109
1222
727
5654
1074
7939
4245
4510
5827
6773
3456
4762
7871
9958
6651
6956
7548
7525
8204
967
9699
88
5371
7937
3634
8517
1240
2359
2049
7491
3698
3522
3110
972
1397
8522
7036
1702
5988
72
8002
595
6056
704
1632
101
2471
3807
1679
4838
8008
337
8906
5863
1382
9334
5775
4935
6867
1861
8907
4247
7503
5714
2261
7963
9657
2204
6409
1507
8645
1482
9624
9387
7647
6264
7213
3216
3455
1228
3764
9924
2366
5646
246
1988
6088
9255
2360
744
7858
9577
3125
9530
3901
2207
3337
4059
8731
2454
3519
866
4785
9229
813
8214
8463
2329
767
3502
2428
12
6225
8167
6709
3879
2657
9847
7992
7613
9076
5375
1339
1241
4615
102
5267
8531
2409
931
7330
5792
1912
4571
4384
9880
4521
876
5293
555
7660
281
6854
422
9855
9223
1334
4483
1522
8711
239
7631
1674
4230
8233
591
4202
5073
4154
757
6687
6220
3495
1824
8811
8069
3753
8851
9300
2677
3188
2919
2478
7991
6068
1570
9974
8716
9256
8298
4208
7437
6148
5845
8740
9747
482
4451
228
6980
2217
1038
674
6303
753
2624
6191
1929
7685
1030
3767
7656
8217
4932
9019
6193
2350
1417
3039
9309
1748
5860
1765
8306
8144
9335
4457
335
8287
411
9183
5175
6825
2069
1706
9057
3657
2727
9710
1839
7307
8458
7672
5823
247
730
4765
2335
9854
7394
5568
1332
9410
170
9992
412
1595
1262
3073
369
2871
4689
2305
6897
1681
7090
8255
1101
550
5294
7007
3071
1156
2646
8064
4224
1860
1378
4714
680
4601
8550
4146
7687
8329
5619
2833
7971
3740
2561
7204
1267
2019
5965
52
4508
666
2654
3320
554
8033
5948
2170
4321
711
1186
2056
3108
7736
4867
2012
8918
1098
8939
9262
8943
8386
760
7288
5857
9228
7481
9530
411
6234
4309
2095
9950
2300
8623
1040
8735
6497
7241
8503
1101
1021
519
663
4227
5276
1653
7322
1551
4646
4235
394
5476
4948
2144
2965
5756
7346
3581
5563
1155
5349
2259
9018
8592
5278
8176
2844
6773
4591
8653
8526
6810
8382
9324
6660
3604
5672
6353
2220
6508
6264
2350
3696
3629
9944
2179
9760
2782
4791
1733
3647
6657
1915
9278
6157
2618
169
9494
5765
8996
4755
1057
1207
7201
2657
2361
6729
465
3907
7742
265
5765
1606
42
2615
5715
3557
8505
1249
8861
2898
585
3262
510
7813
8991
8063
4868
2180
2379
2435
1236
4916
3324
1962
8682
1119
7703
2077
5536
7686
4292
4235
7489
8200
